	1	1.1	1.2	1.3	1.5	1.6	1.8
1	0.5	0.523809524	0.545454545	0.565217391	0.6	0.615384615	0.642857143
1.1	0.523809524	0.55	0.573913043	0.595833333	0.634615385	0.651851852	0.682758621
1.2	0.545454545	0.573913043	0.6	0.624	0.666666667	0.685714286	0.72
1.3	0.565217391	0.595833333	0.624	0.65	0.696428571	0.717241379	0.75483871
1.5	0.6	0.634615385	0.666666667	0.696428571	0.75	0.774193548	0.818181818
1.6	0.615384615	0.651851852	0.685714286	0.717241379	0.774193548	0.8	0.847058824
1.8	0.642857143	0.682758621	0.72	0.75483871	0.818181818	0.847058824	0.9
2	0.666666667	0.709677419	0.75	0.787878788	0.857142857	0.888888889	0.947368421
2.2	0.6875	0.733333333	0.776470588	0.817142857	0.891891892	0.926315789	0.99
2.4	0.705882353	0.754285714	0.8	0.843243243	0.923076923	0.96	1.028571429
2.7	0.72972973	0.781578947	0.830769231	0.8775	0.964285714	1.004651163	1.08
3	0.75	0.804878049	0.857142857	0.906976744	1	1.043478261	1.125
3.3	0.76744186	0.825	0.88	0.932608696	1.03125	1.07755102	1.164705882
3.6	0.782608696	0.842553191	0.9	0.955102041	1.058823529	1.107692308	1.2
3.9	0.795918367	0.858	0.917647059	0.975	1.083333333	1.134545455	1.231578947
4.3	0.811320755	0.875925926	0.938181818	0.998214286	1.112068966	1.166101695	1.268852459
4.7	0.824561404	0.89137931	0.955932203	1.018333333	1.137096774	1.193650794	1.301538462
5.1	0.836065574	0.90483871	0.971428571	1.0359375	1.159090909	1.217910448	1.330434783
5.6	0.848484848	0.919402985	0.988235294	1.055072464	1.183098592	1.244444444	1.362162162
6.2	0.861111111	0.934246575	1.005405405	1.074666667	1.207792208	1.271794872	1.395
6.8	0.871794872	0.946835443	1.02	1.091358025	1.228915663	1.295238095	1.423255814
7.5	0.882352941	0.959302326	1.034482759	1.107954545	1.25	1.318681319	1.451612903
8.2	0.891304348	0.969892473	1.046808511	1.122105263	1.268041237	1.33877551	1.476
9.1	0.900990099	0.981372549	1.060194175	1.1375	1.287735849	1.360747664	1.502752294
10	0.909090909	0.990990991	1.071428571	1.150442478	1.304347826	1.379310345	1.525423729
11	0.916666667	1	1.081967213	1.162601626	1.32	1.396825397	1.546875
12	0.923076923	1.007633588	1.090909091	1.172932331	1.333333333	1.411764706	1.565217391
13	0.928571429	1.014184397	1.098591549	1.181818182	1.344827586	1.424657534	1.581081081
15	0.9375	1.02484472	1.111111111	1.196319018	1.363636364	1.445783133	1.607142857
16	0.941176471	1.029239766	1.11627907	1.202312139	1.371428571	1.454545455	1.617977528
18	0.947368421	1.036649215	1.125	1.212435233	1.384615385	1.469387755	1.636363636
20	0.952380952	1.042654028	1.132075472	1.220657277	1.395348837	1.481481481	1.651376147
22	0.956521739	1.047619048	1.137931034	1.227467811	1.404255319	1.491525424	1.663865546
24	0.96	1.051792829	1.142857143	1.233201581	1.411764706	1.5	1.674418605
27	0.964285714	1.056939502	1.14893617	1.240282686	1.421052632	1.51048951	1.6875
30	0.967741935	1.061093248	1.153846154	1.24600639	1.428571429	1.518987342	1.698113208
33	0.970588235	1.064516129	1.157894737	1.250728863	1.434782609	1.526011561	1.706896552
36	0.972972973	1.067385445	1.161290323	1.254691689	1.44	1.531914894	1.714285714
39	0.975	1.069825436	1.164179104	1.258064516	1.444444444	1.536945813	1.720588235
43	0.977272727	1.072562358	1.167420814	1.261851016	1.449438202	1.542600897	1.727678571
47	0.979166667	1.074844075	1.170124481	1.265010352	1.453608247	1.547325103	1.733606557
51	0.980769231	1.076775432	1.172413793	1.267686424	1.457142857	1.551330798	1.738636364
56	0.98245614	1.078809107	1.174825175	1.270506108	1.460869565	1.555555556	1.743944637
62	0.984126984	1.080824089	1.17721519	1.273301738	1.464566929	1.559748428	1.749216301
68	0.985507246	1.082489146	1.179190751	1.275613276	1.467625899	1.563218391	1.753581662
75	0.986842105	1.084099869	1.181102362	1.27785059	1.470588235	1.566579634	1.7578125
82	0.987951807	1.08543923	1.182692308	1.279711885	1.473053892	1.56937799	1.761336516
91	0.989130435	1.086862106	1.184381779	1.281690141	1.475675676	1.572354212	1.765086207
100	0.99009901	1.088031652	1.185770751	1.283316881	1.477832512	1.57480315	1.768172888
110	0.990990991	1.089108911	1.18705036	1.284815813	1.479820628	1.577060932	1.771019678
120	0.991735537	1.090008258	1.188118812	1.286067601	1.481481481	1.578947368	1.773399015
130	0.992366412	1.090770404	1.18902439	1.287128713	1.482889734	1.580547112	1.775417299
150	0.993377483	1.091992058	1.19047619	1.288830139	1.485148515	1.583113456	1.778656126
160	0.99378882	1.092489137	1.191066998	1.289522629	1.486068111	1.584158416	1.779975278
180	0.994475138	1.093318609	1.19205298	1.290678434	1.487603306	1.585903084	1.782178218
200	0.995024876	1.093983093	1.192842942	1.29160457	1.488833747	1.587301587	1.7839445
220	0.995475113	1.094527363	1.193490054	1.292363308	1.489841986	1.588447653	1.785392245
240	0.995850622	1.094981336	1.194029851	1.29299627	1.49068323	1.589403974	1.786600496
270	0.996309963	1.095536702	1.194690265	1.293770734	1.491712707	1.590574374	1.78807947
300	0.996677741	1.095981402	1.195219124	1.294390972	1.492537313	1.591511936	1.789264414
330	0.996978852	1.096345515	1.195652174	1.294898883	1.49321267	1.592279855	1.790235081
360	0.997229917	1.096649128	1.196013289	1.295322447	1.493775934	1.592920354	1.791044776
390	0.997442455	1.096906162	1.196319018	1.295681063	1.494252874	1.593462717	1.791730475
430	0.997679814	1.097193227	1.196660482	1.296081614	1.494785632	1.594068582	1.792496526
470	0.997876858	1.097431543	1.196943973	1.296414174	1.495227996	1.594571671	1.793132683
510	0.998043053	1.097632557	1.197183099	1.2966947	1.495601173	1.594996091	1.793669402
560	0.998217469	1.097843522	1.19743407	1.296989132	1.495992876	1.595441595	1.794232823
620	0.998389694	1.098051844	1.197681906	1.297279897	1.496379726	1.595881596	1.794789321
680	0.998531571	1.098223462	1.197886083	1.297519448	1.496698459	1.596244131	1.795247873
750	0.998668442	1.098389029	1.198083067	1.297750566	1.497005988	1.596593933	1.795690343
820	0.998781973	1.098526367	1.198246469	1.297942287	1.497261108	1.596884129	1.796057435
910	0.998902305	1.098671935	1.198419666	1.298145506	1.497531541	1.597191751	1.796446589
1000	0.999000999	1.09879133	1.198561726	1.298312194	1.49775337	1.597444089	1.796765822
1100	0.999091735	1.098901099	1.198692336	1.29846545	1.497957331	1.597676107	1.797059357
1200	0.999167361	1.09899259	1.198801199	1.298593191	1.498127341	1.597869507	1.797304044
1300	0.99923136	1.099070018	1.198893329	1.298701299	1.498271226	1.59803319	1.797511138
1500	0.999333777	1.099193924	1.199040767	1.298874309	1.498501499	1.598295152	1.797842589
1600	0.99937539	1.09924427	1.199100674	1.298944608	1.498595067	1.598401598	1.797977276
1800	0.999444753	1.099328188	1.199200533	1.299061789	1.498751041	1.598579041	1.798201798
2000	0.99950025	1.099395333	1.199280432	1.299155549	1.498875843	1.598721023	1.798381457
2200	0.999545661	1.099450275	1.199345811	1.299232272	1.49897797	1.598837209	1.798528477
2400	0.999583507	1.099496064	1.1994003	1.299296215	1.499063086	1.598934044	1.798651012
2700	0.999629767	1.099552034	1.199466904	1.299374375	1.499167129	1.599052413	1.798800799
3000	0.999666778	1.099596815	1.199520192	1.299436911	1.499250375	1.599147122	1.798920648
3300	0.999697061	1.099633456	1.199563795	1.29948808	1.499318492	1.599224618	1.799018717
3600	0.999722299	1.099663992	1.199600133	1.299530725	1.49937526	1.599289205	1.79910045
3900	0.999743655	1.099689831	1.199630883	1.299566811	1.499423299	1.599343859	1.799169614
4300	0.999767496	1.099718677	1.19966521	1.299607096	1.499476927	1.599404873	1.799246827
4700	0.999787279	1.099742613	1.199693695	1.299640525	1.499521429	1.599455505	1.799310902
5100	0.99980396	1.099762796	1.199717713	1.299668712	1.499558953	1.599498197	1.79936493
5600	0.99982146	1.099783971	1.199742912	1.299698284	1.499598322	1.599542988	1.799421614
6200	0.999838736	1.099804873	1.199767787	1.299727476	1.499637185	1.599587203	1.799477571
6800	0.999852963	1.099822088	1.199788273	1.299751518	1.499669191	1.599623618	1.799523656
7500	0.999866684	1.09983869	1.199808031	1.299774706	1.49970006	1.599658739	1.799568104
8200	0.999878064	1.099852459	1.199824416	1.299793935	1.49972566	1.599687866	1.799604965
9100	0.999890122	1.099867049	1.199841779	1.299814312	1.499752788	1.599718731	1.799644026
10000	0.99990001	1.099879013	1.199856017	1.299831022	1.499775034	1.599744041	1.799676058
11000	0.999909099	1.099890011	1.199869105	1.299846382	1.499795482	1.599767307	1.799705503
12000	0.999916674	1.099899176	1.199880012	1.299859182	1.499812523	1.599786695	1.79973004
13000	0.999923083	1.099906931	1.199889241	1.299870013	1.499826943	1.599803101	1.799750804
15000	0.999933338	1.099919339	1.199904008	1.299887343	1.499850015	1.599829352	1.799784026
16000	0.999937504	1.09992438	1.199910007	1.299894384	1.499859388	1.599840016	1.799797523
18000	0.999944448	1.099932782	1.199920005	1.299906118	1.49987501	1.59985779	1.799820018
20000	0.999950002	1.099939503	1.199928004	1.299915505	1.499887508	1.59987201	1.799838015
22000	0.999954548	1.099945003	1.199934549	1.299923186	1.499897734	1.599883645	1.799852739
24000	0.999958335	1.099949586	1.199940003	1.299929587	1.499906256	1.59989334	1.79986501
27000	0.999962964	1.099955187	1.199946669	1.29993741	1.499916671	1.599905191	1.799880008
30000	0.999966668	1.099959668	1.199952002	1.299943669	1.499925004	1.599914671	1.799892006
33000	0.999969698	1.099963335	1.199956365	1.29994879	1.499931821	1.599922428	1.799901824
36000	0.999972223	1.09996639	1.199960001	1.299953057	1.499937503	1.599928892	1.799910004
39000	0.99997436	1.099968975	1.199963078	1.299956668	1.49994231	1.599934362	1.799916927
43000	0.999976745	1.099971861	1.199966513	1.299960699	1.499947676	1.599940467	1.799924654
47000	0.999978724	1.099974256	1.199969362	1.299964044	1.499952129	1.599945534	1.799931066
51000	0.999980393	1.099976275	1.199971765	1.299966864	1.499955884	1.599949805	1.799936473
56000	0.999982143	1.099978393	1.199974286	1.299969822	1.499959823	1.599954287	1.799942145
62000	0.999983871	1.099980484	1.199976775	1.299972743	1.499963711	1.599958711	1.799947743
68000	0.999985294	1.099982206	1.199978824	1.299975148	1.499966912	1.599962354	1.799952354
75000	0.999986667	1.099983867	1.1999808	1.299977467	1.499970001	1.599965867	1.799956801
82000	0.999987805	1.099985244	1.199982439	1.299979391	1.499972561	1.599968781	1.799960489
91000	0.999989011	1.099986703	1.199984176	1.299981429	1.499975275	1.599971869	1.799964396
100000	0.99999	  	 1.0999879	  1.1999856	1.2999831	1.4999775	1.5999744	1.799967601
110000	0.999990909	1.099989	1.199986909	1.299984637	1.499979546	1.599976728	1.799970546
120000	0.999991667	1.099989917	1.199988	1.299985917	1.49998125	1.599978667	1.799973
130000	0.999992308	1.099990692	1.199988923	1.299987	1.499982693	1.599980308	1.799975077
150000	0.999993333	1.099991933	1.1999904	1.299988733	1.499985	1.599982934	1.7999784
160000	0.99999375	1.099992438	1.199991	1.299989438	1.499985938	1.599984	1.79997975
180000	0.999994444	1.099993278	1.199992	1.299990611	1.4999875	1.599985778	1.799982
200000	0.999995	1.09999395	1.1999928	1.29999155	1.49998875	1.5999872	1.7999838
220000	0.999995455	1.0999945	1.199993455	1.299992318	1.499989773	1.599988364	1.799985273
240000	0.999995833	1.099994958	1.199994	1.299992958	1.499990625	1.599989333	1.7999865
270000	0.999996296	1.099995519	1.199994667	1.299993741	1.499991667	1.599990519	1.799988
300000	0.999996667	1.099995967	1.1999952	1.299994367	1.4999925	1.599991467	1.7999892
330000	0.99999697	1.099996333	1.199995636	1.299994879	1.499993182	1.599992242	1.799990182
360000	0.999997222	1.099996639	1.199996	1.299995306	1.49999375	1.599992889	1.799991
390000	0.999997436	1.099996897	1.199996308	1.299995667	1.499994231	1.599993436	1.799991692
430000	0.999997674	1.099997186	1.199996651	1.29999607	1.499994767	1.599994047	1.799992465
470000	0.999997872	1.099997426	1.199996936	1.299996404	1.499995213	1.599994553	1.799993106
510000	0.999998039	1.099997627	1.199997176	1.299996686	1.499995588	1.59999498	1.799993647
560000	0.999998214	1.099997839	1.199997429	1.299996982	1.499995982	1.599995429	1.799994214
620000	0.999998387	1.099998048	1.199997677	1.299997274	1.499996371	1.599995871	1.799994774
680000	0.999998529	1.099998221	1.199997882	1.299997515	1.499996691	1.599996235	1.799995235
750000	0.999998667	1.099998387	1.19999808	1.299997747	1.499997	1.599996587	1.79999568
820000	0.99999878	1.099998524	1.199998244	1.299997939	1.499997256	1.599996878	1.799996049
910000	0.999998901	1.09999867	1.199998418	1.299998143	1.499997527	1.599997187	1.79999644
1000000	0.999999	1.09999879	1.19999856	1.29999831	1.49999775	1.59999744	1.79999676
